499.0349517203861
354.52361042793893
244.36649365628602
314.6780508121616
253.15691921429627
253.99595258745305
239.63935776039523
331.99008193186717
320.41206030150755
242.40519045625788
265.88407329105
271.09274786701974
287.52025663206456
308.0818195579776
358.4594660194175
321.4094121184784
269.59068831529277
303.4164895877603
348.4048921300517
316.04494138080764
236.66349618100588
313.6539877300614
324.97324902723733
264.4497458242556
254.54408506867523
349.28093463747865
271.8850936015647
305.25285171102655
275.5387227279295
345.15126512651267
308.74766214177976
353.5741276732594
