402.98464824456005
479.643073200242
559.8022366097705
524.6961629479379
440.307225433526
421.98478414720455
549.0885472851492
440.7571092041057
351.1321686959591
466.02231856133585
406.88296703296703
389.6801699716714
305.5983471074381
475.5916708146673
414.5880978065444
538.7410785725716
481.938822027717
532.0550091074681
342.95939968404423
468.65939425051334
504.49278350515476
461.3184509521524
557.8825306893297
406.64245810055866
451.4743804732625
437.1984296930763
389.41813031161473
589.9175704989156
423.0872664700098
549.604231703087
492.17592592592587
425.408886490376
