594.1133159268929
446.35827220863894
581.3332544938505
343.3660838717851
328.86196278826
350.05482878030017
372.397969875573
376.41256485766377
370.8692749282417
445.48219522413063
410.83904933814676
425.36911683277964
377.4447783119659
412.62899181842175
473.0117061750073
324.72734499205086
400.9090682610862
442.7827943441131
351.45550351288057
364.87436215694385
418.3800530152419
408.56020252462207
391.84324989741486
353.85934710533024
366.84577660664615
431.2587577472379
377.1069894572432
366.86334853090176
293.83112501533554
383.67268734948294
345.79208623805835
362.4107535753575
381.13918881506095
405.9314425492529
374.30270719903206
447.73394701391993
432.6334420437559
377.38829100301336
367.28204098031347
418.7810613282491
429.6211003534656
376.2788389513109
484.3318012256861
317.2966135458167
435.46843985708614
459.4590752889721
427.6053865940383
448.86054421768705
274.9003524122008
309.7725467589034
428.96868316529185
413.46579270790664
355.4039572501444
410.4145688657408
359.71125590903273
412.02272727272725
393.75632958801503
383.9612907465825
348.25994832041346
397.50891074992865
362.7271996785858
310.97229916897504
413.5284694917722
345.5136292834892
383.93851267137524
332.47568523430596
396.03485211830537
315.67947154471545
319.1649888143176
404.23670798898064
383.41277258566987
354.7218894009216
431.00249584026625
554.3468965517242
348.44027892847276
383.3257637199242
484.2216726618704
393.62409722222225
340.9283398184176
467.6478873239437
411.11100115454394
363.51182384593596
263.4346606458675
371.29731525784155
380.99966138426106
358.2824858757062
352.73498799039226
355.2685035116154
385.57416772018547
372.92212484624844
362.9825881341359
351.2880092972382
316.756322364412
380.6145709374586
399.10202429149797
398.03594771241836
393.2988455355838
351.26902278872143
342.29293125810636
443.3048350097053
482.07680378713684
394.43466898954705
363.5982335200344
315.3846657929227
294.22901183594826
419.19194214876035
363.2290640394088
458.95722151630673
414.3740690074479
368.880825838103
378.86342108928824
358.4744510978043
371.5288057190917
370.36713576158934
288.90391363022945
378.42802854040644
474.2738552673712
453.9590068443279
360.1938202247191
335.9567294567295
357.59115448504986
357.2917028670721
285.16287727695783
426.44764048691013
342.6432807656018
401.79346466541597
422.8581144465291
380.2193863319386
