125.57849133537206
129.30610561056105
191.23231810490697
151.525783619818
192.4904813218391
225.18204312477906
223.410989010989
291.7481315396114
208.37584130357777
230.33460559796438
254.97207207207205
320.592750533049
329.31188118811883
399.9141127506621
358.92250182348647
366.84033786567784
291.663593637021
383.59762479871176
490.76504065040655
340.31141868512117
441.55964325529544
390.1890909090909
501.58255086071983
582.1325561312608
523.95813771518
524.2729406743491
604.8930205949656
571.0318127250902
385.59766584766584
563.6910476190476
484.76164874551966
600.1930046354827
577.8217374213837
481.73383371824485
530.738707165109
641.5745614035088
583.0387864823349
513.3582739509105
587.681862035697
647.5480519480519
538.3527486910995
644.1052845528455
520.2971503562055
628.7581826012059
472.3347613219094
506.9699519230769
671.9796012980993
671.6919463087247
570.831599479844
726.6274747474747
655.8133255633255
560.8597339782345
631.9802989130434
572.2252192982456
555.0023866348448
546.1165631469979
718.9879493464052
757.6839300937766
547.1398739164697
526.8321554770318
645.2679782903664
437.079954954955
586.5300546448088
552.9579797979798
629.0769682726203
499.2949482895783
411.80678104575173
590.5734463276835
583.6093404161132
510.0869227784245
497.3682399213372
596.2155322862129
525.4179703168874
453.8831873174802
650.3611111111111
779.2167101827678
626.3197650870799
535.78470437018
458.60066833751046
635.2919361793876
560.0036855036853
491.69197207678883
550.4694117647059
624.0167514843088
492.66493055555543
625.1844311377247
661.1444883618796
521.959106984969
694.8914956011729
540.3561521252797
557.7668776371308
438.9797326433807
522.2916117698726
668.0373134328358
449.389721181856
581.1607789855072
685.1103346039814
602.3457040035987
602.3314737331474
584.8225248594897
667.264277035237
616.7007378472223
433.9653179190752
572.5951730418944
459.21772519717723
588.722148541114
504.29686174724344
590.4286000802246
558.4869827986983
576.1699561403509
468.59926017262643
682.9145833333333
477.94124531835206
358.27632669983416
480.60020964360587
613.9786800148312
636.8769841269842
504.6993975903615
564.3756476683938
605.9187475227903
467.3241949521323
560.3830935251799
491.07911268158614
594.9219160104985
487.70219244823386
501.6661048689139
595.2203274215552
578.1417846417846
430.7703513281919
676.0490196078432
404.5883002207505
682.1138262322472
567.5620104438643
603.044390637611
434.0426112510495
629.5313975448536
645.5161657559199
635.7090606816294
417.26981050818256
494.132145998241
547.3023553507423
481.8661944116489
745.5333333333333
557.4843028624192
549.1598228663446
583.1119372160265
655.5355119825708
537.2233514001806
476.47919347919344
519.6826334208224
490.22611726117265
389.1717980295567
536.0437604690118
576.2280912364946
474.38141809290954
626.2522401433692
712.7881500426258
563.3260251725538
698.9954109303296
632.1875739644969
558.0510528406834
556.985613103143
550.2343685300207
488.1274939172749
533.199350950394
490.82982238744324
536.8000468823253
732.8790927021696
518.9054982817869
498.02570003835825
589.3031847133759
485.3591811414392
501.1920345002537
508.4436936936937
448.81654228855723
483.30155801558016
582.3085519922255
529.0875748502995
587.0504761904762
579.7525547445256
604.8483275663208
482.7066265060241
624.1783887468032
581.269215210356
482.3292682926828
657.1880952380952
657.5923328658253
657.1092164027608
569.2769371847777
436.90351941747576
667.7216666666667
576.515494636472
661.3136200716846
509.8778767631775
683.4721059972106
921.2371349095966
552.0204980842911
667.8062714776632
651.8282122905028
381.2660173160173
597.6734262779889
699.9261363636364
628.5602477477479
628.5765877957658
453.8324063774564
570.797307996833
689.0420899854862
457.80097292724196
492.35699460357
541.6923583662714
667.7261295822678
639.9112769485904
589.1656999226606
518.0261690261691
568.6341515934539
624.7880503144654
688.5910780669145
496.87007874015745
674.1829488919041
511.1637661758144
502.06209935897436
505.3986802894849
486.87984006734
643.1482670089858
819.0896596858639
539.7463576158941
525.1245993589744
409.7252363337443
462.94870210135974
653.5082280903176
656.287310098302
527.0467581047382
564.4716859716859
601.6958117443869
496.6575133485888
528.1767274107821
411.8390733907339
504.2886516409649
640.2469040247678
574.895552560647
637.9476334340383
499.2058823529412
655.7007575757576
510.59301856335753
394.64777070063695
600.9356971153846
608.5708333333332
574.6668689320388
514.7912371134021
653.2448327696354
482.515361952862
743.0982959268496
607.9546703296704
489.70112612612616
568.8617571059432
553.3794901506374
